ILC:
p_initial
array([0.00235244, 0.52284197, 0.54409644])
p_target
array([-0.03724751,  0.69768375, -0.02550816])
self.position_final
array([0.        , 0.52240098, 0.54434644])

p
array([[ 0.00000000e+00, -3.89665647e-02, -1.71905096e-03, -1.71905096e-03],
       [ 0.00000000e+00,  1.74841786e-01, -4.40982249e-04, -4.40982249e-04],
       [ 0.00000000e+00, -5.69604602e-01,  2.49996072e-04, 2.49996072e-04]])




CNN:
p
array([[ 0.00000000e+00, -3.95999505e-02, -2.35243680e-03, -2.35243680e-03],
       [ 0.00000000e+00,  1.75531451e-01,  2.48683133e-04, 2.48683133e-04],
       [ 0.00000000e+00, -5.70266487e-01, -4.11888682e-04, -4.11888682e-04]])

